0 00000000000000000000000000000010
1 00000000000000000000000000000010
2 00000000000000000000000000000010
3 00000000000000000000000000000010
4 00000000000000000000000000000010
5 00000000000000000000000000000010
6 00000000000000000000000000000010
7 00000000000000000000000000000010
8 00000000000000000000000000000010
9 00000000000000000000000000000010
10 00000000000000000000000000000010
11 00000000000000000000000000000010
12 00000000000000000000000000000010
13 00000000000000000000000000000010
14 00000000000000000000000000000010
15 00000000000000000000000000000010
16 00000000000000000000000000000010
17 00000000000000000000000000000010
18 00000000000000000000000000000010
19 00000000000000000000000000000010
20 00000000000000000000000000000010
21 00000000000000000000000000000010
22 00000000000000000000000000000010
23 00000000000000000000000000000010
24 00000000000000000000000000000010
25 00000000000000000000000000000010
26 00000000000000000000000000000010
27 00000000000000000000000000000010
28 00000000000000000000000000000010
29 00000000000000000000000000000010
30 00000000000000000000000000000010
31 00000000000000000000000000000010
